36 6
-843517262 943056740
-843517262 -472492267
-843517262 -104596328
-843517262 -773353204
-843517262 159512512
-843517262 868852706
-843517262 -244489513
-843517262 972384976
-843517262 922514773
-843517262 -12065144
-843517262 -247245356
-843517262 -103388211
-843517262 160593594
-843517262 -384344178
-843517262 830252444
-843517262 838748055
-843517262 270624621
-843517262 -599371488
-843517262 930637931
-843517262 -5728012
-843517262 714282571
-843517262 764100059
-843517262 943056740
-843517262 -472492267
-843517262 -104596328
-843517262 -773353204
-843517262 159512512
-843517262 868852706
-843517262 -244489513
-843517262 972384976
-843517262 922514773
-843517262 -12065144
-843517262 -247245356
-843517262 -103388211
-843517262 160593594
-843517262 -384344178
