1000
88 56 9
72 17 12
67 60 11
1 7 59
19 95 1
28 95 98
72 96 80
54 84 77
62 86 17
69 96 28
64 70 73
49 79 11
59 19 85
5 74 9
33 12 86
58 63 62
100 64 45
55 68 37
29 25 59
29 36 86
27 86 68
39 5 87
100 54 94
14 65 87
13 35 36
28 58 46
58 90 100
43 30 26
49 42 78
89 80 48
29 11 42
49 11 58
61 87 41
13 99 9
71 81 41
11 78 3
11 92 53
100 91 18
39 68 89
98 55 70
53 52 65
7 84 93
0 15 62
45 38 11
81 16 88
92 38 94
11 99 88
41 87 80
77 88 1
82 35 76
63 74 95
3 40 45
47 27 8
59 30 95
66 22 24
62 48 83
48 16 37
67 45 84
32 47 87
13 94 70
86 22 44
90 76 61
11 99 92
10 34 81
100 89 96
23 79 47
22 34 52
83 53 23
78 12 26
95 53 33
40 87 59
59 60 85
67 88 33
97 10 91
95 23 15
4 86 31
87 81 48
43 81 99
69 62 92
44 88 41
96 23 79
100 84 72
47 85 3
55 82 21
12 55 55
54 12 86
52 29 5
100 89 76
25 69 7
7 52 70
79 8 72
78 100 69
40 76 92
19 71 93
89 74 71
46 59 25
51 61 55
38 73 58
17 78 67
49 86 5
68 13 87
76 10 62
4 38 5
44 95 98
82 20 52
38 100 15
23 7 3
99 26 64
2 72 59
90 70 34
93 81 97
100 47 93
56 6 32
45 61 96
78 12 41
1 81 66
11 10 80
63 93 100
87 21 91
68 23 92
68 76 65
77 75 53
57 76 70
16 58 27
66 26 38
99 10 38
45 4 63
85 96 27
47 39 84
63 90 6
69 39 59
54 6 54
20 73 91
33 17 14
45 12 15
89 21 73
57 98 14
67 48 15
8 3 76
88 7 40
57 26 71
44 71 96
100 1 1
4 90 64
70 42 40
85 85 71
83 41 63
72 15 93
88 76 98
5 92 68
67 14 93
41 31 52
100 68 14
20 56 69
84 40 70
28 46 55
6 90 18
10 86 69
29 75 87
42 4 54
33 58 9
83 77 15
30 17 52
90 22 23
85 12 5
19 23 85
16 97 9
83 12 56
49 60 88
34 98 65
100 39 9
48 100 27
58 91 89
87 70 20
19 77 96
15 28 37
12 72 15
99 3 95
100 66 13
8 61 3
81 14 29
91 47 20
34 72 48
46 25 23
0 89 69
32 10 75
53 22 1
43 89 76
61 58 61
3 82 67
93 73 82
13 9 61
80 32 67
70 72 24
65 77 89
57 10 21
91 65 22
100 31 47
35 35 60
14 81 78
69 3 81
97 10 17
34 16 89
34 26 6
28 100 1
16 74 2
22 4 96
38 68 94
22 54 16
43 72 63
28 62 38
55 77 36
49 32 95
7 84 22
89 42 1
54 98 4
84 95 42
86 67 92
78 92 39
33 18 17
17 73 94
78 31 43
22 75 38
71 35 27
3 22 39
56 22 38
10 19 4
21 66 14
52 68 11
75 23 60
16 66 92
95 20 58
79 48 79
98 38 32
75 93 5
21 57 20
1 95 53
99 92 60
75 96 31
12 8 16
95 21 59
63 39 40
36 98 27
8 2 87
82 98 10
60 86 100
54 93 10
37 17 62
80 53 38
62 17 11
5 20 37
41 67 73
16 46 80
1 12 64
39 42 75
95 24 55
33 69 55
4 79 33
44 65 58
20 41 6
63 97 5
99 70 27
74 86 76
24 100 35
56 65 95
5 34 58
35 8 16
61 56 2
46 100 80
61 9 64
93 68 55
15 74 4
87 22 56
34 38 11
20 46 23
96 10 58
90 58 66
88 45 37
77 61 9
91 54 60
6 12 13
72 83 63
14 58 26
39 39 55
13 62 100
79 69 11
33 29 79
65 88 97
1 73 59
28 96 15
61 11 61
34 64 3
93 5 46
0 20 25
0 32 79
20 46 39
77 83 58
52 56 84
48 21 33
2 21 41
56 57 34
77 23 24
10 5 43
1 55 20
0 53 42
8 13 21
19 54 59
82 89 7
47 25 9
29 21 13
5 66 37
0 65 91
30 29 57
18 61 15
67 95 83
41 58 27
78 71 68
16 88 96
87 37 36
86 98 75
42 62 90
100 9 27
67 89 59
35 22 38
38 6 39
25 93 2
93 6 84
67 67 62
52 33 14
85 9 98
0 55 55
72 68 30
50 36 93
0 2 42
9 72 95
25 43 87
77 83 32
69 11 77
55 58 79
22 89 58
25 18 17
35 68 35
61 65 100
83 21 71
12 98 95
25 25 97
73 4 82
51 9 46
83 56 97
62 24 38
84 32 46
0 44 99
19 67 40
30 61 23
56 43 8
69 18 21
25 24 95
88 98 54
25 74 22
54 84 33
55 82 52
38 42 11
26 63 84
36 86 34
98 85 64
66 68 37
66 75 25
78 84 95
19 77 72
95 22 15
56 91 37
74 24 4
43 47 33
99 61 22
93 79 38
59 83 100
52 44 12
91 83 54
61 29 41
27 65 77
84 90 42
99 8 69
98 87 25
91 74 34
78 28 15
11 45 87
0 20 21
49 34 10
95 33 26
83 77 98
76 77 73
58 85 42
72 21 28
74 32 14
74 13 7
75 28 25
73 32 97
10 22 55
17 79 13
21 89 97
3 19 75
51 22 21
20 11 46
55 12 25
24 84 57
58 27 76
81 64 70
79 100 64
100 37 76
22 84 76
79 20 6
13 64 42
91 77 4
27 63 72
13 15 75
96 44 13
99 97 98
53 48 96
9 67 98
73 44 1
52 90 42
98 42 24
38 8 35
85 73 67
6 36 66
68 85 59
96 28 17
28 12 87
38 31 43
65 19 26
20 28 98
68 63 40
91 10 57
40 29 19
1 87 71
7 55 85
36 32 85
90 37 82
24 66 29
30 86 56
50 78 61
98 39 27
64 82 82
43 99 74
60 2 68
81 3 94
0 54 4
11 32 65
57 58 89
98 57 37
94 7 87
54 69 77
93 85 66
7 56 41
39 62 18
55 98 32
35 43 32
13 55 55
13 45 52
53 100 79
52 96 17
64 85 30
72 40 83
34 99 40
80 5 56
100 84 31
68 82 88
34 44 91
84 71 12
21 28 21
40 9 35
50 20 90
42 73 40
69 96 3
98 23 27
2 48 25
92 33 47
16 58 42
51 52 94
40 29 7
72 53 57
9 67 78
84 79 77
29 35 24
23 58 58
75 52 73
52 71 98
67 23 25
87 20 40
23 66 83
75 40 70
94 20 21
95 59 36
52 37 89
100 18 7
13 82 4
12 24 3
56 30 6
95 85 81
58 36 22
91 48 60
37 54 52
54 70 59
97 58 73
31 47 82
93 92 92
19 59 93
24 1 68
34 92 69
96 67 6
81 45 30
57 14 13
60 87 90
50 22 62
13 9 38
100 17 30
42 8 52
78 13 34
14 72 37
84 58 56
24 89 95
9 77 77
5 4 81
62 18 5
18 82 44
11 69 57
41 26 27
99 95 91
17 63 22
86 89 75
18 22 25
55 55 17
35 55 63
71 52 15
69 77 100
45 94 28
41 62 75
4 47 1
28 88 81
5 19 45
32 27 27
29 42 62
7 83 47
90 67 82
36 54 38
13 17 1
100 35 40
58 58 81
89 99 82
79 70 92
21 94 36
89 8 11
8 64 34
100 97 2
53 97 9
74 86 67
54 28 31
47 66 45
57 71 100
88 64 68
42 33 8
83 88 33
33 60 68
73 66 59
53 85 73
84 48 1
31 9 91
34 78 21
39 62 19
2 59 23
48 46 58
71 87 7
57 75 18
37 26 33
27 39 58
66 19 66
96 95 29
58 18 38
29 21 89
19 87 86
10 37 85
82 86 16
74 77 38
69 91 72
43 97 35
71 28 11
63 42 23
46 65 73
96 55 72
88 98 52
66 43 12
39 68 98
50 22 39
20 39 43
98 80 87
74 76 22
86 7 52
77 31 9
65 81 74
68 88 5
21 52 78
21 17 22
95 62 96
35 73 75
77 65 16
68 6 13
75 97 39
75 18 15
51 76 26
77 21 90
51 57 31
86 54 55
22 88 73
70 57 74
10 33 33
84 1 80
79 88 11
91 35 47
83 45 78
100 98 41
44 35 57
22 95 30
22 97 31
77 41 62
85 86 56
8 61 41
7 29 86
8 100 13
75 36 52
67 58 20
100 55 38
51 7 31
82 19 81
61 18 70
94 6 97
70 59 36
77 28 9
30 5 25
20 62 88
67 43 16
2 36 39
52 10 20
88 55 34
4 45 66
36 42 44
0 57 27
54 99 95
59 46 2
45 58 33
97 14 17
26 57 61
32 68 96
84 79 64
28 53 36
14 60 30
59 98 12
85 67 94
24 57 9
1 45 6
79 31 94
82 55 91
11 30 40
55 65 61
7 33 36
34 59 57
5 77 3
13 69 20
84 63 8
6 33 77
58 16 65
0 39 48
44 52 32
66 25 14
41 85 26
47 32 85
10 34 82
65 89 98
13 68 39
27 23 13
32 43 54
13 28 46
15 48 19
99 13 4
70 88 73
10 67 92
97 7 12
93 91 57
4 84 60
28 81 52
51 16 83
21 6 39
50 45 96
16 39 79
4 87 25
16 20 69
62 87 92
97 69 86
82 2 69
4 99 54
60 52 78
25 63 58
47 92 81
70 35 42
47 12 95
63 4 15
31 86 25
4 1 83
50 42 68
95 52 21
2 94 46
80 22 42
35 97 48
8 87 8
23 17 75
98 13 29
90 16 86
41 54 55
22 28 37
4 57 29
55 4 97
7 55 65
91 59 33
87 15 84
70 15 34
59 75 32
62 46 1
1 42 57
46 54 18
45 83 96
73 79 96
9 3 8
84 30 23
41 97 37
98 96 13
16 81 80
90 77 46
46 13 67
90 98 72
73 100 14
42 33 100
87 37 39
77 89 85
50 58 100
5 100 52
67 56 15
56 48 75
49 97 30
36 4 21
15 81 62
6 74 32
62 67 78
90 69 64
34 14 7
68 23 60
2 42 20
99 8 47
80 70 89
81 69 83
100 63 3
41 32 82
83 98 82
49 43 41
82 93 96
57 28 81
47 71 80
4 92 13
93 54 6
82 77 39
37 87 64
31 37 19
37 21 1
60 34 72
61 38 36
91 10 23
34 15 71
50 69 97
7 13 96
37 13 100
8 44 91
89 80 24
90 24 63
97 83 99
83 15 78
4 8 40
37 33 85
2 100 54
93 37 34
88 5 55
61 55 7
12 100 82
24 24 77
15 100 82
58 12 24
53 80 34
76 21 60
41 97 68
30 9 85
59 30 79
57 59 38
96 31 25
15 12 1
1 52 5
31 83 25
87 66 72
96 80 66
73 91 41
32 98 7
71 75 25
63 43 23
98 69 74
22 21 46
44 60 67
74 98 45
28 14 70
23 8 13
30 25 5
33 6 28
63 38 11
72 9 77
2 9 3
97 87 65
84 74 99
82 47 30
46 26 68
49 37 81
85 2 99
25 40 82
2 67 55
91 22 82
12 9 17
97 24 78
35 62 33
57 76 73
5 5 86
7 25 48
21 84 62
92 67 54
7 38 80
18 18 95
47 27 41
71 83 38
48 38 28
14 63 94
74 92 31
93 26 48
16 20 13
12 39 71
44 33 42
45 54 78
55 99 81
90 72 20
93 94 28
12 59 63
43 86 20
41 5 75
85 73 70
55 36 81
94 41 86
93 62 88
81 53 85
57 75 37
79 6 30
19 15 33
97 96 54
70 35 40
7 68 97
36 65 62
65 77 76
100 23 20
53 77 48
8 88 1
56 84 29
23 24 41
48 77 79
28 2 36
45 24 72
37 87 8
38 87 35
57 66 7
34 66 96
80 33 25
41 85 37
97 88 98
35 9 73
17 42 4
52 27 3
82 47 46
51 65 58
80 80 99
5 47 9
38 15 17
19 78 93
12 3 26
18 69 54
54 8 62
88 17 100
89 48 41
97 37 34
52 36 12
50 65 61
15 40 98
20 60 75
42 67 86
95 29 87
94 53 82
48 86 21
3 98 22
6 23 99
66 15 25
95 95 17
9 78 90
31 40 41
75 12 4
31 90 6
75 97 59
32 14 83
89 48 39
6 54 76
60 83 20
44 4 23
17 53 33
99 41 62
4 42 74
62 44 84
32 60 75
73 81 29
11 72 92
67 5 11
52 60 75
58 99 46
75 56 53
61 53 3
69 74 98
97 48 53
41 12 92
93 24 72
7 72 10
76 82 99
17 32 44
22 2 57
100 61 33
80 60 28
84 93 54
66 69 9
19 41 36
15 29 66
86 14 22
69 82 83
34 74 94
17 36 76
29 72 80
80 15 95
25 68 86
7 79 5
21 81 30
62 17 79
99 99 99
76 86 17
87 5 14
98 83 39
91 63 85
49 47 74
55 71 19
8 47 90
6 53 79
42 93 63
38 2 57
62 90 75
81 79 13
75 76 37
18 75 8
4 62 87
0 34 29
42 13 34
51 72 5
27 6 1
91 24 30
26 92 27
55 32 37
17 6 40
1 13 64
65 48 46
84 58 8
55 93 15
87 57 12
79 67 41
6 45 79
54 83 44
35 99 22
73 94 45
93 61 47
73 7 6
42 35 78
38 86 11
26 4 85
16 48 34
94 13 95
48 48 69
48 55 54
5 36 8
