100
468 42 10000
501 35 10000
725 70 10000
359 79 10000
465 63 10000
146 6 10000
828 82 10000
492 62 10000
943 96 10000
437 28 10000
605 92 10000
154 3 10000
383 93 10000
717 22 10000
896 19 10000
727 48 10000
539 72 10000
913 70 10000
300 68 10000
895 36 10000
812 4 10000
334 23 10000
665 74 10000
712 42 10000
869 54 10000
645 48 10000
758 63 10000
860 38 10000
742 24 10000
779 30 10000
36 17 10000
843 91 10000
107 89 10000
943 41 10000
649 65 10000
806 47 10000
730 91 10000
351 71 10000
102 7 10000
549 94 10000
624 30 10000
955 85 10000
841 57 10000
377 67 10000
309 32 10000
440 45 10000
324 27 10000
539 38 10000
83 19 10000
542 30 10000
116 34 10000
659 40 10000
931 5 10000
307 78 10000
387 74 10000
746 22 10000
73 25 10000
830 71 10000
574 78 10000
513 98 10000
291 87 10000
637 62 10000
768 56 10000
575 56 10000
53 32 10000
151 51 10000
725 42 10000
431 67 10000
192 8 10000
338 8 10000
288 58 10000
384 54 10000
910 46 10000
759 10 10000
589 22 10000
947 23 10000
31 7 10000
169 14 10000
592 1 10000
656 63 10000
360 11 10000
538 25 10000
484 49 10000
42 96 10000
351 3 10000
837 92 10000
21 75 10000
22 97 10000
200 49 10000
485 69 10000
735 82 10000
1000 54 10000
939 19 10000
789 1 10000
468 28 10000
894 29 10000
484 49 10000
422 8 10000
618 11 10000
515 14 10000
