99
6 2 0 2 0 2 0
3 1 0 2 0 0 0
30 4 0 14 0 12 0
907 738 0 135 0 34 0
903 884 0 14 0 5 0
613 124 0 300 0 189 0
121 60 0 38 0 23 0
789 242 0 320 0 227 0
39 9 0 17 0 13 0
7 3 0 2 0 2 0
779 282 0 312 0 185 0
92 17 0 32 0 43 0
380 92 0 201 0 87 0
146 47 0 64 0 35 0
1000 338 0 210 0 452 0
230 89 0 31 0 110 0
999 250 0 499 0 250 0
999 499 0 500 0 0 0
889 423 0 94 0 372 0
759 326 0 335 0 98 0
706 89 0 324 0 293 0
765 268 0 227 0 270 0
4 2 0 0 0 2 0
888 440 0 146 0 302 0
275 74 0 46 0 155 0
628 170 0 305 0 153 0
720 97 0 296 0 327 0
58 27 0 27 0 4 0
731 278 0 432 0 21 0
628 124 0 193 0 311 0
306 128 0 106 0 72 0
121 4 0 6 0 111 0
948 404 0 232 0 312 0
1000 0 0 501 0 499 0
855 16 0 422 0 417 0
54 19 0 22 0 13 0
5 3 0 1 0 1 0
75 18 0 22 0 35 0
920 343 0 181 0 396 0
273 116 0 80 0 77 0
688 401 0 79 0 208 0
777 277 0 176 0 324 0
398 196 0 132 0 70 0
371 183 0 47 0 141 0
4 0 0 3 0 1 0
4 1 0 2 0 1 0
609 190 0 254 0 165 0
423 153 0 125 0 145 0
868 412 0 424 0 32 0
55 25 0 12 0 18 0
469 117 0 203 0 149 0
401 138 0 118 0 145 0
771 284 0 262 0 225 0
578 259 0 175 0 144 0
1000 1 0 500 0 499 0
3 0 0 2 0 1 0
546 248 0 196 0 102 0
4 1 0 1 0 2 0
165 68 0 38 0 59 0
321 147 0 91 0 83 0
822 380 0 35 0 407 0
935 366 0 348 0 221 0
141 37 0 69 0 35 0
12 5 0 5 0 2 0
6 3 0 0 0 3 0
5 2 0 3 0 0 0
4 2 0 1 0 1 0
1000 334 0 333 0 333 0
720 290 0 175 0 255 0
572 243 0 206 0 123 0
587 152 0 198 0 237 0
868 433 0 147 0 288 0
242 65 0 62 0 115 0
216 100 0 48 0 68 0
629 270 0 309 0 50 0
465 206 0 73 0 186 0
889 194 0 391 0 304 0
106 43 0 42 0 21 0
935 233 0 258 0 444 0
3 0 0 3 0 0 0
6 1 0 3 0 2 0
1000 500 0 500 0 0 0
729 290 0 252 0 187 0
37 15 0 14 0 8 0
605 380 0 112 0 113 0
133 28 0 39 0 66 0
1000 250 0 250 0 500 0
3 1 0 1 0 1 0
5 2 0 1 0 2 0
277 35 0 133 0 109 0
310 3 0 44 0 263 0
74 37 0 29 0 8 0
999 499 0 499 0 1 0
133 54 0 24 0 55 0
152 41 0 53 0 58 0
999 333 0 333 0 333 0
999 249 0 500 0 250 0
323 136 0 85 0 102 0
805 113 0 202 0 490 0
