1000
674094
482455
871152
461423
521685
361892
995431
333411
387427
493198
550286
524865
690061
489344
106618
796378
929135
584076
361542
797372
201657
441200
446071
877733
699818
666038
112509
478351
301640
718984
243988
787783
737107
849651
999683
684992
153337
238088
768198
272282
990781
786124
958626
339246
382119
362952
903918
195325
958677
529419
698255
691250
239396
299769
557665
925441
616335
132825
361862
546291
103649
493440
396342
987581
657444
442930
978730
982520
972975
543211
825351
622640
903400
231067
500454
356482
268314
249207
260705
173849
865774
779830
923671
854026
961117
400483
912903
585770
493074
783710
783450
845620
556667
477191
927276
313995
826532
344279
637315
685832
411595
906453
189134
946365
681031
252217
482363
635280
122591
785079
853410
485925
213958
779617
619034
175332
412908
245680
674313
130190
629314
420559
728748
243552
689295
345058
501322
970313
670955
237837
939182
601848
809300
276356
383948
797645
961551
564542
332682
663945
825356
414462
682551
615176
802433
628234
543684
639800
780514
663921
582340
331989
191351
925389
687014
819359
898014
755509
982450
540511
890838
226938
903384
201541
373585
290893
706978
441566
266714
961214
652341
423168
427712
504946
636245
381214
682452
798386
286623
926275
182780
708928
505527
878781
609589
500725
321486
368983
151558
505472
549903
135076
583644
295574
334088
452324
466290
693119
555560
594634
105391
688186
824902
715444
850421
577955
103412
998227
158394
369856
407272
247132
163832
560126
654679
747881
438761
623785
558733
208109
649157
234220
827702
110373
559720
486708
983036
702841
137581
604881
967895
356630
288230
850972
682944
327258
773951
102831
431040
390814
279538
532104
575905
120989
373307
360289
799942
487873
876421
316033
122143
160549
408274
576012
538515
768898
207915
663945
782394
851328
964677
564192
231597
426176
253407
653188
401750
690935
327267
220117
191817
866992
165840
478311
457621
811574
456498
632538
927068
711953
231534
331790
552912
417015
929051
236886
166704
589498
956486
978095
690013
258017
946707
412183
571476
223027
685971
847137
727534
155141
466330
781381
198013
239365
340506
651896
525052
820672
600683
164370
820756
281856
892652
621228
987400
699530
295111
833972
130484
592490
374766
309080
451039
789625
763859
102515
979417
357884
238413
941772
831315
750512
715538
728427
984094
835841
933406
255609
635790
587402
754166
452912
799376
687897
116501
126057
849061
490421
470933
913569
498839
513628
719813
743927
117617
906025
307209
343256
888157
879237
279363
710687
651295
915413
550921
835290
985733
630321
108187
489230
482558
524988
271795
734015
442329
792490
449853
530171
288329
132834
520121
676680
988957
422200
631687
228795
429130
619202
275810
771693
237304
723102
671307
836319
361510
273081
517179
498001
550892
808514
236168
386571
328355
714938
423373
114878
989791
458969
931414
876346
383427
590140
134945
389899
908456
736200
751619
735006
418272
152258
598355
458150
434156
917040
810552
883278
627297
331598
454952
122308
628375
218296
298163
454101
928546
973449
383879
511435
991556
990231
487844
835802
549835
743525
877440
711540
586814
864987
286280
280496
628479
407481
522146
193813
545220
403873
514561
219180
777411
981032
603226
836158
219397
213209
674503
797801
347439
467620
962303
119679
775682
563091
776840
479622
130730
736467
301244
334502
516937
115244
634688
803446
518121
831110
591097
545167
939313
263752
271706
717548
675217
231000
500786
591480
899799
660638
536942
744369
589118
535091
182268
177893
956397
543583
636104
542715
222703
709896
202903
224774
331334
552169
584145
330277
402008
345015
132791
340331
583051
125104
564895
822217
378600
313924
454066
313310
489389
943996
377252
528338
678813
712086
453953
948503
808435
712602
116501
873835
332194
530148
361387
544354
627756
890709
367320
853565
568158
333287
196463
510587
803734
120116
934953
437709
754007
623773
239158
880244
836766
648165
868719
367637
927947
582488
262048
594449
145321
843190
738426
487748
383219
374443
313280
503494
939853
212389
451061
318772
523669
651380
161603
904315
895457
346775
568891
780502
960229
567360
521711
432668
958694
462881
687897
405826
471751
944996
355607
307956
753707
623049
858009
174475
823223
797304
578088
527491
836207
100535
574433
764459
544242
632340
137207
461756
890857
525658
328527
873356
144596
929561
483726
410045
536467
839147
800558
169815
306047
764034
800436
505686
767894
810286
807746
629656
806962
412647
982410
336179
902989
547753
812961
149869
248258
356193
913206
499391
734824
714394
252167
951807
874291
744812
846731
485426
246140
466758
815119
476344
672656
296532
663490
265065
232660
220052
856104
940266
707266
851002
238435
487053
763029
237939
202511
533746
619461
982577
242065
256072
244050
162631
655548
898127
492182
479900
642535
697849
998796
956474
586514
888734
877513
779653
202498
442615
610504
270817
580119
903232
881875
326474
970543
738056
826812
162430
605105
801382
345723
791622
738566
293576
157700
159303
561525
153553
968521
926896
958866
667125
749270
649081
301735
595066
536752
666678
945580
244228
450999
787151
898523
307388
396931
791246
608950
868673
917313
827733
955360
156332
696355
747179
565223
509769
769935
318961
145346
415217
248385
131320
308528
971086
122270
647434
446055
672190
388091
578659
505467
640188
294640
329124
499776
379394
346986
326758
282435
562649
242966
625652
457443
392133
133054
112856
918927
684267
130293
192229
194846
342833
483759
549176
952286
855962
989064
866354
288447
524325
824950
485419
592322
691750
298980
980684
550860
346293
256357
785489
286888
299429
787831
806634
783766
452073
787948
885724
392015
614005
847752
135978
160901
516014
147969
275549
620973
877053
426424
403527
514965
487840
890582
229698
395701
507656
128558
201945
677183
633835
361194
491926
270938
730868
606853
786056
189605
491754
484117
225688
853437
160610
787953
411731
891427
486497
913119
495935
314395
255037
724305
503065
108848
477809
900204
742168
566628
252769
916076
705584
839636
741155
729240
176044
955918
646510
799587
948602
227315
359897
108472
588602
891379
131256
206177
856122
710553
112572
571228
694931
714304
573282
398508
251583
616090
931420
559042
105242
685053
697374
688809
230761
842863
883510
862548
931708
246968
922217
559929
395062
423161
922103
450080
764490
725140
215163
182564
745211
605172
673098
949505
224060
299370
160857
510269
495991
847513
184344
617417
809581
370967
984851
351472
664814
666609
499341
907622
862389
473764
130320
734375
607608
289439
630070
623731
191818
688847
312670
234192
511351
708124
950553
389072
905989
215379
674472
546271
425858
568585
372197
535279
252835
835979
403828
615691
492988
828617
814975
181552
967379
472493
842196
599462
773129
112663
142256
115323
492979
994290
153190
975908
628544
147591
490607
411860
616841
926043
269563
728506
364225
361360
401437
192522
942858
272203
610154
759926
303568
695691
520787
818335
172515
824081
633585
999244
569268
620128
497688
385459
400618
717107
693603
349659
503864
